9
4 3 8 0 0 7 0 1 0
0 0 0 0 0 8 0 0 0
0 0 0 0 0 0 0 0 0
0 0 0 5 0 0 7 0 2
0 2 4 0 0 0 0 0 3
0 0 0 0 1 0 6 0 0
0 9 0 6 0 0 0 0 5
0 0 3 0 0 0 0 0 0
0 0 6 7 5 0 0 0 8
9
0 8 0 0 5 0 0 0 0
0 0 5 9 0 0 6 0 4
0 4 0 6 3 0 0 2 0
0 7 0 0 0 0 2 5 0
2 6 9 0 4 0 7 0 3
0 5 3 0 0 0 0 0 0
0 1 0 0 6 7 0 9 0
4 0 6 0 0 3 8 0 0
0 0 0 0 1 0 0 6 0
9
0 0 8 1 0 6 0 2 5
1 0 2 7 4 5 8 0 6
5 6 0 8 0 2 0 0 0
0 0 9 5 2 0 0 0 8
2 8 0 9 6 0 0 0 0
3 0 6 4 8 1 2 0 9
6 0 0 2 0 8 0 0 4
9 2 3 6 1 4 5 8 7
8 4 0 3 0 9 0 0 2
9
0 9 0 0 0 7 0 0 8
7 6 0 9 8 1 0 0 0
1 8 0 0 0 0 0 9 7
9 2 7 1 0 0 0 8 4
6 4 1 8 0 9 7 2 0
8 0 0 7 0 0 9 6 1
4 7 9 0 1 0 8 3 6
0 1 6 0 9 8 0 7 0
2 0 8 6 7 0 0 0 9
9
0 0 2 1 0 6 0 7 0
0 0 6 0 0 8 3 0 0
8 0 0 0 0 0 0 0 0
0 0 0 0 2 1 5 0 6
1 0 0 0 7 5 0 0 0
0 0 0 4 0 0 7 0 0
0 2 0 0 0 0 1 0 0
0 5 0 0 0 0 0 0 0
3 0 0 0 9 0 0 0 0
4
0 3 1 0
0 0 0 3
4 0 0 0
0 2 4 0
4
0 3 2 0
1 0 0 0
0 0 0 2
0 1 4 0
4
0 4 0 0
1 0 0 3
4 0 0 2
0 0 3 0
4
0 3 0 2
1 0 0 0
0 0 0 4
3 0 2 0
9
0 1 0 0 0 4 0 0 0
0 8 0 0 1 6 4 7 0
0 0 2 0 0 8 0 0 0
0 9 0 0 0 2 3 6 0
0 0 0 0 0 5 0 0 0
0 5 0 0 0 0 0 9 0
0 0 0 0 0 0 0 0 0
6 0 0 0 2 0 0 0 0
0 0 3 7 0 0 1 0 4
9
1 0 3 0 5 7 0 0 0
0 0 0 0 0 4 0 5 0
0 0 0 0 0 6 0 3 0
8 0 0 0 0 0 0 0 4
0 0 0 1 0 0 0 0 0
7 1 0 0 0 0 6 9 0
5 9 0 0 0 0 4 0 0
0 0 2 0 0 0 0 0 0
0 0 0 7 0 8 9 0 0
9
0 0 0 1 0 0 0 0 0
0 0 9 8 0 0 0 0 0
0 6 8 0 0 0 3 0 0
0 9 0 0 0 0 0 0 0
0 0 0 0 0 9 6 0 1
1 0 0 0 0 5 7 0 0
0 0 1 4 0 2 0 0 8
0 2 4 0 3 0 0 6 0
0 0 0 9 0 0 0 0 7
9
0 0 2 1 0 6 0 7 0
0 0 6 0 0 8 3 0 0
8 0 0 0 0 0 0 0 0
0 0 0 0 2 1 5 0 6
1 0 0 0 7 5 0 0 0
0 0 0 4 0 0 7 0 0
0 2 0 0 0 0 1 0 0
0 5 0 0 0 0 0 0 0
3 0 0 0 9 0 0 0 0
9
0 0 0 0 0 0 4 0 0
0 6 4 0 7 0 9 0 0
0 1 0 6 5 0 0 0 0
0 0 0 0 6 0 0 5 0
0 4 7 0 8 0 0 0 0
0 5 3 0 2 0 0 0 0
0 0 0 0 3 1 5 0 7
0 0 0 0 0 0 0 0 0
0 8 2 0 0 0 0 0 0
9
0 0 5 0 0 4 0 0 3
6 0 0 3 0 2 1 0 0
0 0 0 0 0 0 0 0 0
0 0 3 0 0 9 2 7 6
0 0 0 0 2 0 0 0 0
0 0 7 0 0 0 0 4 1
9 0 0 0 0 0 8 0 0
0 0 0 8 0 5 0 0 0
0 7 0 0 0 0 9 0 0
9
0 6 0 0 0 0 8 0 2
0 8 4 7 0 0 0 1 0
0 0 0 0 0 0 0 9 0
0 0 0 4 0 0 0 0 3
0 0 5 0 9 0 7 0 0
0 1 0 0 0 0 0 5 0
4 0 0 0 0 7 3 0 8
0 0 0 0 0 0 0 0 0
0 5 0 2 0 0 0 0 6
9
0 0 1 0 9 0 0 0 8
0 8 0 5 0 3 0 0 2
0 0 4 0 0 0 0 3 0
3 0 8 1 0 0 0 0 0
0 0 7 0 0 0 0 0 0
1 4 6 0 0 0 0 0 0
0 1 0 0 0 0 6 0 3
0 0 0 0 0 0 0 0 9
0 7 0 0 1 0 0 0 5
9
0 5 0 0 0 8 2 0 0
0 7 0 0 0 4 0 5 0
0 0 9 0 0 0 0 4 0
6 3 0 0 0 7 0 0 0
0 0 0 0 0 0 0 6 0
0 0 5 0 1 0 0 0 2
0 0 0 0 0 0 8 0 0
0 0 0 0 3 1 9 2 5
0 0 0 9 0 0 0 0 0
16
13 0 0 0 0 16 14 0 4 9 0 0 0 0 15 0
0 3 0 11 0 0 4 13 0 1 0 8 0 7 6 0
0 1 10 16 0 8 11 0 0 0 0 7 5 4 0 3
8 0 0 4 0 0 0 0 0 13 6 0 0 11 12 2
0 0 0 0 2 0 0 0 11 10 0 0 7 6 9 0
16 0 0 1 15 11 13 0 9 3 0 6 0 5 0 0
7 4 15 0 14 0 9 5 16 0 13 0 0 0 11 0
0 0 0 0 0 0 16 7 0 5 14 2 0 0 0 15
12 5 0 0 0 4 2 16 0 0 0 0 0 9 0 0
10 0 0 0 0 13 0 0 7 6 0 0 1 12 8 0
0 0 0 0 7 5 0 0 0 0 12 0 11 3 0 0
0 8 0 0 0 12 0 1 0 0 3 14 0 0 0 4
0 0 0 10 0 0 0 12 13 0 0 0 8 0 1 6
1 0 13 0 16 0 0 4 2 0 0 0 0 15 7 0
0 9 5 0 10 14 0 0 0 0 1 0 2 0 0 0
0 0 16 3 0 7 0 0 6 15 0 0 9 0 4 0
25
23 0 20 8 15 0 21 6 17 0 0 0 0 0 0 24 19 0 0 0 12 0 0 0 2
0 0 14 3 11 0 16 2 0 13 0 0 0 17 0 0 15 0 18 0 0 0 0 0 0
0 0 0 4 7 14 0 0 0 0 0 0 1 0 0 8 0 3 0 0 0 11 0 22 24
0 0 0 6 0 23 0 0 0 0 0 0 0 19 0 10 0 0 0 25 0 0 0 0 0
10 0 9 0 13 0 8 15 19 0 24 0 0 22 6 0 0 11 12 0 0 18 4 0 20
0 3 0 0 10 0 25 0 0 16 0 0 4 21 9 22 0 0 8 20 0 12 0 7 17
20 25 8 1 18 19 24 0 9 0 0 0 0 0 22 0 14 0 2 0 0 0 3 11 0
16 0 23 0 22 0 0 0 18 4 17 0 0 10 0 7 0 0 15 5 0 0 0 24 0
21 0 5 0 19 12 0 0 0 0 11 8 0 20 0 0 0 9 0 16 15 0 0 0 18
0 0 7 15 0 0 5 0 10 17 3 0 0 0 0 21 0 6 0 19 0 22 14 0 0
18 0 0 0 0 0 0 0 23 0 2 10 0 5 0 20 3 0 21 1 0 0 0 0 0
0 23 21 2 5 0 6 0 15 0 19 0 12 16 0 0 0 0 24 7 0 9 0 8 0
0 0 6 20 0 0 0 0 0 5 9 0 24 7 0 0 13 0 23 15 0 16 19 0 0
0 0 0 0 0 0 19 0 24 0 1 0 18 0 3 16 0 2 14 11 0 4 17 0 15
0 0 0 10 0 0 12 22 0 0 6 0 25 0 13 4 18 0 0 0 1 0 0 2 0
0 2 0 0 0 5 23 0 0 22 0 0 0 0 0 0 9 25 0 0 21 1 0 0 11
0 0 0 21 0 18 11 0 0 0 0 0 0 13 2 5 0 17 0 6 0 0 25 0 16
0 0 0 17 4 0 0 0 0 25 0 15 16 8 19 0 0 0 0 21 0 23 0 14 22
0 0 0 0 0 0 0 0 0 15 0 6 0 0 18 0 8 7 0 12 0 0 10 0 0
0 0 18 22 14 13 0 24 6 20 0 3 7 0 0 11 0 0 0 0 0 0 0 12 0
0 0 1 7 0 0 0 8 13 0 0 0 20 0 0 0 0 5 0 0 17 0 22 16 9
0 0 12 13 0 2 22 25 7 0 0 0 0 1 0 19 0 0 0 14 0 3 20 18 23
15 10 0 0 6 3 14 4 0 0 0 0 23 0 0 12 0 0 11 18 5 2 0 19 0
0 19 4 0 3 17 9 0 11 0 22 0 0 2 15 0 0 0 0 0 0 14 6 0 1
14 0 0 24 23 1 0 0 0 0 0 0 6 0 0 9 25 22 0 0 4 0 0 0 12