16
13 0 0 0 0 16 14 0 4 9 0 0 0 0 15 0
0 3 0 11 0 0 4 13 0 1 0 8 0 7 6 0
0 1 10 16 0 8 11 0 0 0 0 7 5 4 0 3
8 0 0 4 0 0 0 0 0 13 6 0 0 11 12 2
0 0 0 0 2 0 0 0 11 10 0 0 7 6 9 0
16 0 0 1 15 11 13 0 9 3 0 6 0 5 0 0
7 4 15 0 14 0 9 5 16 0 13 0 0 0 11 0
0 0 0 0 0 0 16 7 0 5 14 2 0 0 0 15
12 5 0 0 0 4 2 16 0 0 0 0 0 9 0 0
10 0 0 0 0 13 0 0 7 6 0 0 1 12 8 0
0 0 0 0 7 5 0 0 0 0 12 0 11 3 0 0
0 8 0 0 0 12 0 1 0 0 3 14 0 0 0 4
0 0 0 10 0 0 0 12 13 0 0 0 8 0 1 6
1 0 13 0 16 0 0 4 2 0 0 0 0 15 7 0
0 9 5 0 10 14 0 0 0 0 1 0 2 0 0 0
0 0 16 3 0 7 0 0 6 15 0 0 9 0 4 0
16
15 0 8 0 0 12 4 0 0 10 0 0 0 0 16 0
0 12 0 2 0 0 0 0 0 0 0 0 0 13 0 3
14 13 10 3 0 0 15 0 1 0 0 0 0 0 7 4
0 16 0 5 8 11 0 13 0 2 0 0 6 0 0 15
3 5 0 0 11 0 0 0 0 0 12 0 0 6 8 0
0 0 0 0 0 2 0 0 9 0 0 0 14 0 0 0
10 0 4 11 16 0 0 9 0 3 0 0 0 0 0 0
0 2 9 0 0 0 0 4 0 13 1 7 0 0 10 0
0 0 0 14 9 0 0 0 0 15 0 0 0 0 1 0
0 0 13 0 0 0 2 0 7 0 0 3 0 0 15 10
16 15 0 9 10 0 3 0 0 11 0 0 0 7 2 6
0 0 0 7 0 0 1 12 4 5 10 0 0 3 11 0
0 8 15 10 1 0 13 0 0 0 4 0 0 0 0 0
9 0 0 13 4 0 10 0 0 6 0 15 8 0 0 16
0 14 0 0 0 0 9 11 0 1 2 13 0 0 3 0
5 0 1 0 15 0 12 0 0 0 0 8 9 0 4 0